+         O         (1, 5)    (1, 8)    (2, 3)    (2, 10)   (9, 6)    (9, 7)    (12, 2)   (12, 11)  
O         O         (1, 5)    (1, 8)    (2, 3)    (2, 10)   (9, 6)    (9, 7)    (12, 2)   (12, 11)  
(1, 5)    (1, 5)    (2, 10)   O         (1, 8)    (9, 7)    (2, 3)    (12, 2)   (12, 11)  (9, 6)    
(1, 8)    (1, 8)    O         (2, 3)    (9, 6)    (1, 5)    (12, 11)  (2, 10)   (9, 7)    (12, 2)   
(2, 3)    (2, 3)    (1, 8)    (9, 6)    (12, 11)  O         (12, 2)   (1, 5)    (2, 10)   (9, 7)    
(2, 10)   (2, 10)   (9, 7)    (1, 5)    O         (12, 2)   (1, 8)    (12, 11)  (9, 6)    (2, 3)    
(9, 6)    (9, 6)    (2, 3)    (12, 11)  (12, 2)   (1, 8)    (9, 7)    O         (1, 5)    (2, 10)   
(9, 7)    (9, 7)    (12, 2)   (2, 10)   (1, 5)    (12, 11)  O         (9, 6)    (2, 3)    (1, 8)    
(12, 2)   (12, 2)   (12, 11)  (9, 7)    (2, 10)   (9, 6)    (1, 5)    (2, 3)    (1, 8)    O         
(12, 11)  (12, 11)  (9, 6)    (12, 2)   (9, 7)    (2, 3)    (2, 10)   (1, 8)    O         (1, 5)    
